91
91
87
87
69
75
92
92
90
90
31
31
84
84
92
92
64
64
35
80
56
83
80
25
80
80
99
99
69
69
70
70
79
79
92
92
97
97
66
66
98
98
89
89
65
59
59
83
83
70
70
78
78
81
81
63
78
38
96
81
17
8
60
98
98
98
98
95
95
75
75
96
96
94
94
49
49
90
90
96
96
95
95
85
85
67
67
50
50
95
95
55
55
55
53
53
91
80
80
69
61
30
54
85
69
80
62
61
54
85
85
61
61
95
95
92
92
94
94
62
62
94
94
96
96
83
89
89
82
75
75
67
67
56
56
77
71
46
65
39
60
85
35
96
96
94
94
71
71
87
87
97
97
90
46
46
50
99
99
72
72
95
95
86
86
98
98
92
92
91
91
98
98
71
71
58
40
40
84
75
57
95
95
90
90
96
96
99
99
83
83
72
72
49
49
82
82
99
99
76
90
91
91
90
90
66
66
84
63
63
95
95
91
91
62
62
73
82
38
47
42
98
98
86
86
88
88
68
68
68
48
48
85
85
93
93
90
90
79
88
88
70
70
68
86
86
91
91
97
97
90
75
90
90
89
89
93
93
91
91
79
79
63
63
62
81
81
97
97
59
59
97
97
59
63
63
39
42
61
61
53
99
99
83
83
88
88
96
96
93
93
96
96
73
80
80
94
94
92
92
99
99
76
76
85
85
70
70
70
70
97
97
73
73
94
94
75
49
81
53
80
56
90
90
75
75
92
92
88
88
82
82
77
77
90
90
90
90
96
96
93
93
63
63
55
55
57
57
47
47
75
63
63
68
68
82
82
58
38
53
79
14
50
34
93
93
96
96
80
80
72
72
88
88
73
59
59
69
39
71
71
78
78
93
93
45
89
89
90
90
90
82
74
27
32
77
77
85
85
86
86
93
93
75
75
73
73
83
83
83
92
92
87
87
99
99
80
96
74
100
100
94
96
96
92
92
67
43
94
94
78
76
76
90
90
99
99
83
83
59
93
75
75
73
73
98
98
94
94
92
92
90
90
97
97
76
76
90
90
40
40
45
45
52
49
45
32
24
95
95
95
95
96
96
92
92
96
96
75
75
73
73
63
63
97
97
84
84
96
96
85
85
85
85
91
91
39
39
87
87
98
32
65
10
26
84
84
82
82
86
86
98
98
50
50
94
94
92
92
85
85
89
89
76
77
77
74
90
90
69
74
88
71
71
22
95
95
99
99
92
92
95
95
89
66
90
90
93
93
92
92
65
83
83
87
87
74
84
84
63
63
77
77
75
75
36
48
39
97
97
58
58
62
84
84
81
76
76
53
64
34
48
69
41
74
20
90
90
97
97
53
53
89
65
65
97
97
90
90
96
96
61
61
61
82
82
94
94
96
96
48
87
87
90
90
56
31
48
44
73
49
56
85
85
81
81
79
79
91
91
79
79
73
73
94
94
93
93
87
87
90
90
85
85
87
87
83
83
92
92
80
80
90
90
95
95
83
83
61
61
90
90
53
53
61
61
80
80
39
39
60
30
78
80
80
73
73
87
87
86
86
72
88
88
63
96
96
83
83
70
93
93
78
78
89
89
46
46
53
53
29
29
80
63
63
94
94
96
96
71
71
84
84
67
88
68
61
98
98
96
96
57
57
64
64
90
90
76
76
82
82
88
88
79
79
66
66
80
80
89
89
85
43
43
89
89
89
81
81
60
60
47
68
68
72
72
71
71
58
58
78
64
88
88
66
67
97
97
84
84
92
92
85
85
74
74
88
88
95
95
96
96
97
97
67
67
69
69
81
81
72
72
88
88
76
76
59
74
74
84
84
69
69
76
76
71
55
55
89
89
96
96
93
93
68
90
90
88
88
87
87
95
95
93
93
71
71
97
97
33
91
91
79
79
88
58
58
61
61
54
97
97
90
90
87
87
78
78
86
80
80
66
66
77
22
76
76
72
72
66
66
94
94
66
92
92
94
66
66
89
59
59
83
83
63
63
84
84
76
76
91
37
29
79
48
67
38
98
98
74
74
98
98
38
77
77
89
89
56
56
82
82
96
76
90
90
37
37
86
41
81
81
68
72
72
90
90
81
81
93
93
95
95
78
78
90
90
75
98
98
89
89
86
86
61
61
94
94
81
81
73
81
81
68
94
98
98
96
96
72
72
34
86
86
82
82
96
96
96
96
95
95
78
78
82
82
96
96
83
83
58
58
75
75
42
42
67
67
70
64
59
61
61
91
91
97
97
77
77
91
91
45
45
96
96
98
98
66
66
55
55
78
78
68
68
91
91
94
94
77
77
74
74
62
62
58
96
96
80
80
98
98
39
80
57
74
98
98
99
99
89
89
94
47
47
44
92
92
82
82
93
93
69
69
56
56
85
85
86
86
76
76
86
42
46
20
97
97
76
76
95
95
98
98
84
84
92
92
96
96
61
61
68
89
96
96
85
67
75
75
63
63
77
77
70
65
30
98
98
87
87
84
84
98
98
50
50
67
67
81
81
71
71
91
91
88
88
61
61
99
80
80
31
61
73
55
93
93
78
78
96
96
64
64
60
97
97
66
84
84
89
89
95
95
42
63
30
74
12
25
91
91
43
43
97
97
90
90
99
90
90
76
76
82
82
79
79
96
96
84
84
71
79
79
49
49
78
78
93
93
62
62
80
80
69
69
93
72
72
87
85
85
91
91
73
73
62
62
49
36
95
39
38
20
92
75
75
97
97
78
78
80
80
50
68
88
88
95
95
84
84
72
76
78
78
93
93
83
83
45
65
57
22
99
99
97
97
93
93
61
61
98
98
96
96
68
68
73
73
79
79
69
69
88
88
40
64
64
89
89
80
80
92
92
87
87
95
95
68
90
90
52
52
98
98
87
87
95
95
86
42
95
47
95
27
22
92
92
88
88
65
65
97
97
92
92
94
94
97
97
63
63
91
91
48
48
91
91
70
64
59
51
51
74
74
93
64
73
86
86
40
50
93
93
71
76
84
70
33
57
57
85
85
95
95
75
75
98
98
79
79
93
93
98
98
91
91
74
99
99
80
80
80
93
93
84
84
96
96
90
90
96
96
83
59
59
81
59
60
66
86
86
69
69
98
98
95
95
61
61
91
91
97
97
69
69
87
98
98
92
92
81
81
91
91
95
95
64
64
98
98
41
62
62
54
77
31
39
39
43
78
95
95
86
86
69
84
84
97
97
76
76
81
81
83
83
84
84
68
68
59
59
89
89
95
95
46
46
59
63
63
62
62
80
80
64
84
80
91
38
48
93
93
96
96
83
83
57
57
91
91
96
96
96
96
94
76
76
61
61
88
83
83
74
74
89
89
83
83
55
55
69
74
74
91
50
74
74
60
83
56
44
63
75
89
89
88
88
90
90
84
84
89
89
94
94
89
89
89
89
56
75
75
87
87
98
98
67
91
91
46
66
66
87
42
50
40
92
59
83
83
87
87
78
78
89
89
90
90
99
99
89
89
87
83
83
86
86
74
74
69
69
71
71
81
65
27
99
99
99
99
95
95
88
88
97
97
83
82
82
82
82
99
99
84
84
95
95
97
97
92
92
71
71
98
98
62
92
92
77
77
44
44
67
67
92
92
63
58
58
50
63
71
56
97
97
77
77
94
94
80
80
94
94
96
96
87
87
78
89
89
70
39
39
56
93
66
24
73
56
98
98
85
85
98
98
76
76
47
54
54
43
92
92
95
95
90
90
59
59
43
95
95
98
98
93
93
95
95
65
85
89
89
82
82
87
87
71
71
94
53
68
11
88
88
86
86
89
89
96
96
95
95
90
90
76
76
90
90
91
91
91
91
71
71
95
95
77
77
51
51
40
40
86
57
98
98
82
82
91
91
88
88
70
70
48
48
90
90
67
67
94
94
90
90
92
92
97
97
33
63
63
94
94
53
53
80
80
76
76
65
65
60
83
44
26
93
93
92
92
83
83
97
97
93
93
93
93
83
83
63
82
82
76
76
76
61
61
76
76
59
59
30
30
9
67
39
22
99
99
96
96
73
73
89
89
88
88
19
85
85
98
98
58
58
76
76
91
91
69
69
83
77
87
34
47
56
97
97
88
88
69
69
97
97
92
92
42
42
92
92
77
77
95
95
87
87
97
97
80
80
90
90
74
93
93
78
78
75
75
57
57
38
60
23
79
91
91
91
91
71
71
83
83
90
90
89
89
59
59
94
94
98
98
84
84
50
50
92
70
80
80
90
92
76
58
28
32
86
53
95
95
96
96
83
83
78
78
83
83
63
57
57
76
76
82
82
87
87
85
85
84
84
82
82
77
77
94
94
83
83
63
63
43
73
73
39
58
68
42
95
95
97
97
85
85
88
88
82
82
90
90
87
87
95
95
56
56
67
67
94
94
95
36
78
93
30
69
96
96
94
94
98
98
83
83
94
94
94
94
92
92
81
69
69
75
86
86
76
63
63
87
87
68
68
69
69
77
77
53
53
95
95
50
36
97
97
96
96
93
93
93
93
85
85
79
79
79
79
41
95
95
54
97
97
71
71
95
95
77
25
25
97
62
85
67
48
47
74
74
89
89
96
96
86
86
67
67
59
59
94
94
86
86
90
90
90
90
90
90
59
59
99
84
95
68
73
75
3
72
21
86
86
89
88
88
88
88
75
75
84
84
96
96
77
77
76
76
88
88
82
82
68
71
71
48
48
94
94
91
91
71
71
51
51
87
87
83
46
62
62
82
53
75
75
96
96
84
84
57
57
85
85
94
94
80
84
84
78
78
78
85
85
93
93
50
53
53
91
91
32
32
82
80
73
77
43
29
24
