26
28
27
64
35
49
26
44
68
19
38
43
28
34
24
32
15
44
64
14
37
81
36
55
40
25
27
13
13
13
17
16
33
9
38
53
30
26
16
16
47
38
28
15
28
4
31
53
39
36
16
49
36
27
27
31
11
20
15
35
21
14
20
28
30
59
72
61
94
27
67
12
9
35
46
25
34
11
9
21
23
46
21
61
65
31
45
29
34
38
29
13
36
30
17
49
25
45
16
11
46
46
58
46
17
11
32
53
22
45
20
75
24
29
29
17
16
48
27
20
19
30
56
39
43
33
20
15
26
90
14
86
24
25
29
60
29
24
52
52
37
96
16
59
31
50
15
13
29
18
25
27
34
23
32
34
60
32
44
19
19
32
25
21
14
44
32
42
73
49
29
25
41
30
42
36
11
61
9
22
41
49
8
53
19
20
32
17
42
31
43
46
12
33
41
28
14
38
45
20
30
26
33
19
18
25
25
47
45
13
46
57
61
70
37
38
26
26
54
39
46
39
48
60
29
6
18
30
62
23
13
13
21
32
30
33
9
61
49
35
39
26
25
96
40
44
40
24
27
30
6
44
19
32
28
26
28
93
35
46
34
40
59
24
78
10
11
80
26
34
81
50
17
86
50
24
12
17
38
49
37
18
21
17
16
21
19
61
27
27
32
33
7
17
26
38
36
51
40
58
67
6
6
43
35
22
20
35
26
11
15
18
37
20
39
58
31
49
33
66
8
64
26
39
44
17
28
5
20
7
19
35
20
61
26
31
33
22
27
24
66
29
21
51
36
18
18
25
38
27
34
33
77
28
13
9
36
45
6
27
42
54
30
53
20
12
19
30
34
27
27
37
16
22
16
28
24
19
52
69
59
12
35
75
19
23
21
26
9
26
20
48
29
32
90
15
55
37
32
54
20
21
32
24
55
57
37
67
33
16
48
26
26
33
27
18
69
26
39
36
18
72
33
24
32
27
18
18
27
26
47
13
18
56
75
16
13
37
47
30
67
22
70
31
54
30
4
27
28
50
57
26
30
39
22
22
33
32
64
26
18
35
91
63
25
22
17
34
25
19
22
46
48
49
40
16
34
26
43
11
23
17
50
36
16
37
37
8
30
22
28
33
24
71
42
39
69
31
33
17
15
21
41
35
80
36
44
27
26
13
18
22
22
61
43
69
51
24
36
41
41
32
30
13
51
32
17
13
68
25
63
39
40
36
13
24
35
53
20
24
26
26
13
63
41
9
51
53
10
33
13
