 type_report
 
  SAO
 wind_dir
 
010
020
030
040
050
060
070
080
090
100
110
120
130
140
150
160
170
180
190
200
210
220
230
240
250
260
270
280
290
300
310
320
330
340
350
360
999
 wind_dir_q
 
5
 wind_obs
 
9
N
 wind_speed
 
  0.0
  1.0
  1.5
  2.1
  2.6
  3.1
  3.6
  4.1
  4.6
  5.2
  5.7
  6.2
  6.7
  7.2
  7.7
  8.2
  8.8
  9.3
  9.8
 10.3
 10.8
 11.3
 11.8
 12.4
 12.9
 13.4
 13.9
 14.4
 14.9
 15.5
 wind_speed_q
 
5
 cloud_ceil_height
 
00000
00030
00061
00091
00122
00152
00183
00213
00244
00274
00305
00335
00366
00396
00427
00457
00488
00518
00549
00579
00610
00640
00671
00701
00732
00762
00792
00823
00853
00884
00914
00975
01006
01067
01128
01158
01219
01372
01402
01524
01676
01829
01981
02134
02286
02438
02591
02743
03048
03353
03658
04267
04572
04877
05486
06096
06401
06706
07010
07315
07620
08230
08534
09144
22000
 cloud_ceil_height_q
 
4
5
 cloud_ceil_method
 
9
 cloud_ceil_CAVOK
 
N
 vis_dist
 
000000
000100
000200
000400
000600
000800
001300
001600
001800
002000
002400
002800
003200
004000
004800
006400
008000
009600
011200
012800
014400
016000
017600
019200
020800
022400
024000
032000
040000
048000
 vis_dist_q
 
5
 vis_var
 
9
 vis_var_q
 
9
 temp
 
   0.0
   0.6
   1.1
   1.7
   2.2
   2.8
   3.3
   3.9
   4.4
   5.0
   5.6
   6.1
   6.7
   7.2
   7.8
   8.3
   8.9
   9.4
  -0.6
  -1.1
  -1.7
  -2.2
  -2.8
  -3.3
  -3.9
  -4.4
  -5.0
  -5.6
  -6.1
  -6.7
  -7.2
  -7.8
  -8.3
  -8.9
  -9.4
  10.0
  10.6
  11.1
  11.7
  12.2
  12.8
  13.3
  13.9
  14.4
  15.0
  15.6
  16.1
  16.7
  17.2
  17.8
  18.3
  18.9
  19.4
  20.0
  20.6
  21.1
  21.7
  22.2
  22.8
  23.3
  23.9
  24.4
  25.0
  25.6
  26.1
  26.7
  27.2
  27.8
  28.3
  28.9
  29.4
  30.0
  30.6
  31.1
  31.7
  32.2
  32.8
  33.3
  33.9
  34.4
  35.0
  35.6
 -10.0
 -10.6
 -11.1
 -11.7
 -12.2
 -12.8
 -13.3
 -13.9
 -14.4
 -15.0
 -15.6
 -16.1
 -16.7
 -17.2
 -17.8
 -18.3
 -18.9
 -19.4
 -20.0
 -20.6
 -21.1
 -21.7
 -22.2
 -22.8
 -23.3
 -23.9
 -24.4
 -25.0
 -26.1
 temp_q
 
4
 temp_dewpt
 
   0.0
   0.6
   1.1
   1.7
   2.2
   2.8
   3.3
   3.9
   4.4
   5.0
   5.6
   6.1
   6.7
   7.2
   7.8
   8.3
   8.9
   9.4
  -0.6
  -1.1
  -1.7
  -2.2
  -2.8
  -3.3
  -3.9
  -4.4
  -5.0
  -5.6
  -6.1
  -6.7
  -7.2
  -7.8
  -8.3
  -8.9
  -9.4
  10.0
  10.6
  11.1
  11.7
  12.2
  12.8
  13.3
  13.9
  14.4
  15.0
  15.6
  16.1
  16.7
  17.2
  17.8
  18.3
  18.9
  19.4
  20.0
  20.6
  21.1
  21.7
  22.2
  22.8
  23.3
  23.9
  24.4
  25.0
  25.6
 -10.0
 -10.6
 -11.1
 -11.7
 -12.2
 -12.8
 -13.3
 -13.9
 -14.4
 -15.0
 -15.6
 -16.1
 -16.7
 -17.2
 -17.8
 -18.3
 -18.9
 -19.4
 -20.0
 -20.6
 -21.1
 -21.7
 -22.2
 -22.8
 -23.3
 -23.9
 -24.4
 -25.0
 -25.6
 -26.1
 -26.7
 -27.2
 -27.8
 -28.3
 -28.9
 -29.4
 -30.0
 -30.6
 -31.1
 -31.7
 -32.2
 -33.3
 -33.9
 temp_dewpt_q
 
5
 press_sealvl
 
 982.6
 984.0
 984.6
 985.2
 985.6
 985.9
 987.8
 988.3
 989.0
 989.6
 990.0
 990.2
 990.5
 990.6
 990.8
 991.0
 991.3
 991.4
 991.5
 991.8
 991.9
 992.5
 992.6
 993.0
 993.2
 993.3
 993.5
 993.6
 993.7
 993.8
 994.0
 994.4
 994.5
 994.6
 994.7
 994.9
 995.0
 995.1
 995.4
 995.6
 995.7
 995.9
 996.0
 996.1
 996.2
 996.3
 996.4
 996.5
 996.6
 996.7
 996.8
 996.9
 997.0
 997.2
 997.3
 997.4
 997.5
 997.6
 997.7
 997.8
 997.9
 998.0
 998.1
 998.2
 998.3
 998.4
 998.5
 998.6
 998.7
 998.8
 999.0
 999.1
 999.2
 999.3
 999.4
 999.5
 999.6
 999.8
 999.9
1000.0
1000.1
1000.2
1000.3
1000.4
1000.5
1000.6
1000.7
1000.8
1000.9
1001.0
1001.1
1001.2
1001.3
1001.4
1001.5
1001.6
1001.7
1001.8
1001.9
1002.0
1002.1
1002.2
1002.3
1002.4
1002.5
1002.6
1002.7
1002.8
1002.9
1003.0
1003.1
1003.2
1003.3
1003.4
1003.5
1003.6
1003.7
1003.8
1003.9
1004.0
1004.1
1004.2
1004.3
1004.4
1004.5
1004.6
1004.7
1004.8
1004.9
1005.0
1005.1
1005.2
1005.3
1005.4
1005.5
1005.6
1005.7
1005.8
1005.9
1006.0
1006.1
1006.2
1006.3
1006.4
1006.5
1006.6
1006.7
1006.8
1006.9
1007.0
1007.1
1007.2
1007.3
1007.4
1007.5
1007.6
1007.7
1007.8
1007.9
1008.0
1008.1
1008.2
1008.3
1008.4
1008.5
1008.6
1008.7
1008.8
1008.9
1009.0
1009.1
1009.2
1009.3
1009.4
1009.5
1009.6
1009.7
1009.8
1009.9
1010.0
1010.1
1010.2
1010.3
1010.4
1010.5
1010.6
1010.7
1010.8
1010.9
1011.0
1011.1
1011.2
1011.3
1011.4
1011.5
1011.6
1011.7
1011.8
1011.9
1012.0
1012.1
1012.2
1012.3
1012.4
1012.5
1012.6
1012.7
1012.8
1012.9
1013.0
1013.1
1013.2
1013.3
1013.4
1013.5
1013.6
1013.7
1013.8
1013.9
1014.0
1014.1
1014.2
1014.3
1014.4
1014.5
1014.6
1014.7
1014.8
1014.9
1015.0
1015.1
1015.2
1015.3
1015.4
1015.5
1015.6
1015.7
1015.8
1015.9
1016.0
1016.1
1016.2
1016.3
1016.4
1016.5
1016.6
1016.7
1016.8
1016.9
1017.0
1017.1
1017.2
1017.3
1017.4
1017.5
1017.6
1017.7
1017.8
1017.9
1018.0
1018.1
1018.2
1018.3
1018.4
1018.5
1018.6
1018.7
1018.8
1018.9
1019.0
1019.1
1019.2
1019.3
1019.4
1019.5
1019.6
1019.7
1019.8
1019.9
1020.0
1020.1
1020.2
1020.3
1020.4
1020.5
1020.6
1020.7
1020.8
1020.9
1021.0
1021.1
1021.2
1021.3
1021.4
1021.5
1021.6
1021.7
1021.8
1021.9
1022.0
1022.1
1022.2
1022.3
1022.4
1022.5
1022.6
1022.7
1022.8
1022.9
1023.0
1023.1
1023.2
1023.3
1023.4
1023.5
1023.6
1023.7
1023.8
1023.9
1024.0
1024.1
1024.2
1024.3
1024.4
1024.5
1024.6
1024.7
1024.8
1024.9
1025.0
1025.1
1025.2
1025.3
1025.4
1025.5
1025.6
1025.7
1025.8
1025.9
1026.0
1026.1
1026.2
1026.3
1026.4
1026.5
1026.6
1026.7
1026.8
1026.9
1027.0
1027.1
1027.2
1027.3
1027.4
1027.5
1027.6
1027.7
1027.8
1027.9
1028.0
1028.1
1028.2
1028.3
1028.4
1028.5
1028.6
1028.7
1028.8
1028.9
1029.0
1029.1
1029.2
1029.3
1029.4
1029.5
1029.6
1029.7
1029.8
1029.9
1030.0
1030.1
1030.2
1030.3
1030.4
1030.5
1030.6
1030.7
1030.8
1030.9
1031.0
1031.1
1031.2
1031.3
1031.4
1031.5
1031.6
1031.7
1031.8
1031.9
1032.0
1032.1
1032.2
1032.3
1032.4
1032.5
1032.6
1032.7
1032.8
1032.9
1033.0
1033.1
1033.2
1033.3
1033.4
1033.5
1033.6
1033.7
1033.8
1033.9
1034.0
1034.1
1034.2
1034.3
1034.4
1034.5
1034.6
1034.7
1034.8
1034.9
1035.0
1035.1
1035.2
1035.3
1035.4
1035.6
1035.7
1035.8
1035.9
1036.0
1036.1
1036.2
1036.3
1036.4
1036.5
1036.6
1036.7
1036.9
1037.0
1037.1
1037.4
1037.5
1037.6
1037.7
1037.8
1037.9
1038.0
1038.1
1038.2
1038.4
1038.5
1038.8
1039.0
1039.1
1039.4
1039.5
1039.8
1040.1
1040.2
1040.4
1040.5
1040.7
1040.9
1041.0
1041.4
1042.9
1043.3
1044.1
1044.7
1045.0
1045.2
1045.3
1045.6
1045.8
 press_sealvl_q
 
4
 precip_lq1_period
 
01
 precip_lq1_depth
 
  0.0
  0.3
  0.5
  0.8
  1.0
  1.3
  1.5
  1.8
  2.0
  2.3
  2.5
  2.8
  3.0
  3.3
  3.6
  3.8
  4.1
  4.3
  4.6
  4.8
  5.1
  5.3
  5.6
  5.8
  6.1
  6.4
  6.6
  7.4
  7.9
  8.4
  8.6
  8.9
  9.4
 10.2
 10.9
 11.2
 11.4
 11.9
 15.2
 16.5
 16.8
 18.3
 19.8
 20.1
 20.3
 24.6
 30.0
 41.9
 43.7
 precip_lq1_trace_fl
 
9
 precip_lq1_q
 
5
 precip_lq2_period
 
99
 precip_lq2_depth
 
999.9
 precip_lq2_trace_fl
 
9
 precip_lq2_q
 
9
 precip_lq3_period
 
99
 precip_lq3_depth
 
999.9
 precip_lq3_trace_fl
 
9
 precip_lq3_q
 
9
 precip_lq4_period
 
99
 precip_lq4_depth
 
999.9
 precip_lq4_trace_fl
 
9
 precip_lq4_q
 
9
 precip_hist_dur
 
9
 precip_hist_contin
 
9
 precip_hist_q
 
9
 snow_depth
 
 9999
 snow_depth_obs
 
9
 snow_depth_q
 
9
 snow_depth_weq
 
99999.9
 snow_depth_weq_tr
 
9
 snow_depth_weq_q
 
9
 precip_sn1_period
 
99
 precip_sn1_depth
 
999
 precip_sn1_cond
 
9
 precip_sn1_depth_q
 
9
 precip_sn2_period
 
99
 precip_sn2_depth
 
999
 precip_sn2_cond
 
9
 precip_sn2_depth_q
 
9
 precip_sn3_period
 
99
 precip_sn3_depth
 
999
 precip_sn3_cond
 
9
 precip_sn3_depth_q
 
9
 precip_sn4_period
 
99
 precip_sn4_depth
 
999
 precip_sn4_cond
 
9
 precip_sn4_depth_q
 
9
 wea_pr_a_obs
 
  
 wea_pr_a_obs_q
 
9
 wea_pa_m_obs_1
 
 
 wea_pa_m_obs_1_q
 
9
 wea_pa_m_obs_1_time
 
99
 wea_pa_m_obs_1_time_q
 
9
 wea_pa_m_obs_2
 
 
 wea_pa_m_obs_2_q
 
9
 wea_pa_m_obs_2_time
 
99
 wea_pa_m_obs_2_time_q
 
9
 wea_pa_a_obs_1
 
 
 wea_pa_a_obs_1_q
 
9
 wea_pa_a_obs_1_time
 
99
 wea_pa_a_obs_1_time_q
 
9
 wea_pa_a_obs_2
 
 
 wea_pa_a_obs_2_q
 
9
 wea_pa_a_obs_2_time
 
99
 wea_pa_a_obs_2_time_q
 
9
 vis_runway_dir
 
99
 vis_runway_lrc
 
U
 vis_runway_dist
 
9999
 vis_runway_dist_q
 
9
 cloud_cover_total
 
00
01
02
03
04
05
06
07
08
 cloud_cover_opaque
 
00
01
02
03
04
05
06
07
08
 cloud_cover_total_q
 
5
 cloud_cover_low
 
99
 cloud_cover_low_q
 
9
 cloud_low_type
 
99
 cloud_low_type_q
 
9
 cloud_low_height
 
99999
 cloud_low_height_q
 
9
 cloud_mid_type
 
99
 cloud_mid_type_q
 
9
 cloud_hi_type
 
99
 cloud_hi_type_q
 
9
 sunshine_time
 
9999
 sunshine_time_q
 
9
 groundcond
 
99
 groundcond_q
 
9
 temp_minmax1_period
 
99.9
 temp_minmax1_minmax
 
9
 temp_minmax1_temp
 
 999.9
 temp_minmax1_q
 
9
 temp_minmax2_period
 
99.9
 temp_minmax2_minmax
 
9
 temp_minmax2_temp
 
 999.9
 temp_minmax2_q
 
9
 press_altim
 
9999.9
 press_altim_q
 
9
 press_atmos
 
 959.0
 960.0
 960.4
 960.7
 961.1
 961.7
 962.1
 963.8
 965.1
 965.5
 965.8
 966.1
 966.5
 966.8
 967.5
 968.2
 968.5
 968.8
 969.2
 969.5
 969.9
 970.2
 970.5
 970.9
 971.2
 971.6
 971.9
 972.2
 972.6
 972.9
 973.2
 973.6
 973.9
 974.3
 974.6
 974.9
 975.3
 975.6
 976.0
 976.3
 976.6
 977.0
 977.3
 977.7
 978.0
 978.3
 978.7
 979.0
 979.3
 979.7
 980.0
 980.4
 980.7
 981.0
 981.4
 981.7
 982.1
 982.4
 982.7
 983.1
 983.4
 983.7
 984.1
 984.4
 984.8
 985.1
 985.4
 985.8
 986.1
 986.5
 986.8
 987.1
 987.5
 987.8
 988.1
 988.5
 988.8
 989.2
 989.5
 989.8
 990.2
 990.5
 990.9
 991.2
 991.5
 991.9
 992.2
 992.6
 992.9
 993.2
 993.6
 993.9
 994.2
 994.6
 994.9
 995.3
 995.6
 995.9
 996.3
 996.6
 997.0
 997.3
 997.6
 998.0
 998.3
 998.6
 999.0
 999.3
 999.7
1000.0
1000.3
1000.7
1001.0
1001.4
1001.7
1002.0
1002.4
1002.7
1003.0
1003.4
1003.7
1004.1
1004.4
1004.7
1005.1
1005.4
1005.8
1006.1
1006.4
1006.8
1007.1
1007.5
1007.8
1008.1
1008.5
1008.8
1009.1
1009.5
1009.8
1010.2
1010.5
1010.8
1011.2
1011.5
1011.9
1012.2
1012.5
1012.9
1013.2
1013.5
1013.9
1014.2
1014.6
1014.9
1015.6
1015.9
1016.9
1017.3
1017.6
1017.9
1018.3
9999.9
 press_atmos_q
 
4
9
 press_chg_3hr_dir
 
9
 press_chg_3hr_dir_q
 
9
 press_chg_3hr_del
 
99.9
 press_chg_3hr_del_q
 
9
 press_chg_24hr_de l
 
 99.9
 press_chg_24hr_del_q
 
9
 wea_pr_v_obs_1
 
99
 wea_pr_v_obs_1_q
 
9
 wea_pr_v_obs_2
 
99
 wea_pr_v_obs_2_q
 
9
 wea_pr_v_obs_3
 
99
 wea_pr_v_obs_3_q
 
9
 wea_pr_v_obs_4
 
99
 wea_pr_v_obs_4_q
 
9
 wea_pr_v_obs_5
 
99
 wea_pr_v_obs_5_q
 
9
 wea_pr_v_obs_6
 
99
 wea_pr_v_obs_6_q
 
9
 wea_pr_v_obs_7
 
99
 wea_pr_v_obs_7_q
 
9
 wea_pr_m_obs_1
 
  
04
05
38
44
45
51
56
61
63
66
71
73
75
77
79
80
81
85
95
 wea_pr_m_obs_1_q
 
5
9
 wea_pr_m_obs_2
 
  
44
45
51
53
56
61
63
66
71
73
75
77
79
80
81
85
87
90
95
 wea_pr_m_obs_2_q
 
5
9
 wea_pr_m_obs_3
 
  
51
56
61
66
71
79
80
81
85
90
95
 wea_pr_m_obs_3_q
 
5
9
 wea_pr_m_obs_4
 
  
61
71
79
95
 wea_pr_m_obs_4_q
 
5
9
 wea_pr_m_obs_5
 
  
 wea_pr_m_obs_5_q
 
9
 wea_pr_m_obs_6
 
  
 wea_pr_m_obs_6_q
 
9
 wea_pr_m_obs_7
 
  
 wea_pr_m_obs_7_q
 
9
 wind_supp1_obs
 
9
 wind_supp1_period
 
99
 wind_supp1_speed
 
999.9
 wind_supp1_speed_q
 
9
 wind_supp2_obs
 
9
 wind_supp2_period
 
99
 wind_supp2_speed
 
999.9
 wind_supp2_speed_q
 
9
 wind_supp3_obs
 
9
 wind_supp3_period
 
99
 wind_supp3_speed
 
999.9
 wind_supp3_speed_q
 
9
 wind_gust_speed
 
999.9
 wind_gust_speed_q
 
9
 junk
 


 


 

