

2009-06-06	2055138501
2009-06-28	2368660304
2009-07-06	2493178101
2009-07-28	2884671003
2009-08-05	3136424400
2009-08-25	3529646401
2009-09-08	3833244301
2009-09-30	4487055802
2009-10-15	4881288004

relative tweet rate from a subsample of 4,343,041 tweets

 count  month
      6 200603
      2 200604
     13 200605
      6 200606
     17 200607
     15 200608
     19 200609
     22 200610
    118 200611
    157 200612
    332 200701
    459 200702
   1221 200703
   1842 200704
   2121 200705
   3400 200706
   2531 200707
   3127 200708
   3334 200709
   4652 200710
   4889 200711
   5055 200712
   7896 200801
   8245 200802
  13895 200803
  22208 200804
  27298 200805
  27558 200806
  38617 200807
  47788 200808
  59396 200809
  80374 200810
  97592 200811
 139580 200812
 208208 200901
 275123 200902
 473011 200903
 505387 200904
 327891 200905
 256938 200906
 297075 200907
 236120 200908
 293566 200909
 679654 200910
 186283 200911
